./input_1.bmp 10 50 20 30 1 2 3 3 2 1 4
./input_5.bmp 35 326 358 238 0 5 2 
./input_6.bmp 258 550 323 256 1 1 4
./input_5.bmp 163 503 329 26 3 2 1 2 3 3 2 3 4
./input_3.bmp 192 185 358 65 2 1 3 2 1 3 1 1 2 2 4
./input_8.bmp 1316 2166 3001 2711 3 3 2 2 3 3 3 2 1 4
./input_2.bmp 37 284 249 59 2 4 
./input_2.bmp 394 3526 843 -398 2 2 6 4 5 5 5 5 
./input_6.bmp 1754 1134 1371 334 3 2 2 1 1 2 3 3 3 1 1 1 4
./input_1.bmp 2390 2474 1753 3702 1 0 4 5 6 6 2 1 1 
./input_1.bmp 2305 1208 -934 3017 3 6 5 4 
./input_2.bmp 24 366 315 289 0 3 4 5 1 0 0 3 3 5 4 4 
./input_8.bmp 848 -194 -317 977 2 3 3 4
./input_9.bmp 2209 3018 2765 2432 1 2 3 1 2 1 3 2 4
./input_2.bmp 31 427 336 332 3 1 2 2 1 3 1 1 2 3 4
./input_3.bmp 214 86 327 79 4 5 
./input_4.bmp 33 296 128 80 1 2 2 2 3 4
./input_2.bmp 83 301 304 83 4 1 5 
./input_8.bmp 1074 3118 2135 3791 2 2 1 2 2 1 2 2 2 3 4
./input_4.bmp 274 546 356 131 0 5 0 3 
./input_6.bmp 160 599 328 194 1 3 1 4
./input_4.bmp 1302 1511 1019 474 1 3 2 3 4
./input_5.bmp 2607 -801 3184 1043 2 1 2 4
./input_2.bmp 2114 2025 1650 3153 2 1 1 1 4
./input_5.bmp 209 511 322 322 3 2 2 3 2 3 2 3 1 4
./input_5.bmp 1038 756 3406 535 3 3 2 2 3 4
./input_2.bmp 323 275 324 121 2 2 2 1 1 2 1 2 1 3 2 4
./input_4.bmp 248 381 329 48 3 4 2 
./input_3.bmp 194 613 307 242 1 1 3 1 3 1 3 4
./input_2.bmp 300 483 318 164 2 2 3 2 3 2 3 4
./input_3.bmp 2523 2660 3754 59 0 2 6 4 1 3 4 4 
./input_1.bmp 2116 21 3262 2610 0 1 0 5 2 
./input_9.bmp 2974 2616 2370 2017 1 2 0 5 3 1 0 6 1 2 4 6 
./input_1.bmp -118 3667 1172 3646 3 3 1 3 1 3 3 2 3 4
./input_2.bmp 96 2394 3812 1889 6 2 1 5 6 4 6 3 1 1 2 4 
./input_4.bmp 3348 -620 -785 3870 1 2 2 3 1 3 3 2 1 1 2 1 4
./input_2.bmp 2498 344 568 2955 1 3 3 2 3 4
./input_1.bmp 3517 2786 2735 857 3 2 3 1 2 3 3 1 2 2 1 3 4
./input_5.bmp 2895 -53 -630 753 2 2 2 4
./input_4.bmp 238 619 355 295 1 2 3 3 2 3 2 3 2 1 1 4
./input_4.bmp 23 493 70 218 2 
./input_4.bmp 322 722 -196 481 1 3 2 3 1 3 1 1 3 1 4
./input_5.bmp 98 64 200 62 4 1 2 6 2 5 5 
./input_7.bmp 3704 -423 -430 995 0 1 6 0 2 
./input_3.bmp 214 322 227 127 2 1 2 0 
./input_2.bmp 61 219 101 215 2 3 3 2 2 1 4
./input_4.bmp 373 850 44 376 0 1 0 2 6 3 5 2 
./input_7.bmp 197 220 337 45 0 5 1 5 5 5 0 3 2 
./input_9.bmp 250 367 302 148 3 1 3 2 1 2 2 1 2 3 4
./input_5.bmp 160 277 188 31 5 0 3 5 1 1 4 3 2 
