1146 524 611 212 1 1 3 4
1319 430 590 187 1 1 2 3 2 3 3 4
160 41 665 45 3 1 2 3 2 1 4
1407 289 633 85 2 3 3 3 1 4
611 100 660 146 1 20 18 5 4
673 52 679 147 3 2 3 1 4
1043 466 485 73 1 2 2 1 2 1 1 3 2 4
353 72 421 143 9 27 17 8 15 4
378 119 614 153 1 2 3 2 4
1544 300 681 159 25 22 4
615 6 616 98 6 9 5 4
564 125 657 218 2 3 3 2 2 4
1193 430 574 207 1 10 22 3 2 19 21 6 26 24 4
265 169 285 189 3 3 1 3 1 2 4
1411 456 476 235 3 2 2 2 1 3 4
1430 448 427 200 16 25 2 4
1312 537 578 207 1 1 2 2 1 1 3 3 4
282 177 330 185 3 2 2 1 4
123 128 487 130 2 2 3 1 2 4
383 210 558 237 1 1 3 1 2 2 1 2 4
102 204 430 207 1 3 3 2 2 2 2 4
157 177 531 234 3 2 1 2 2 1 2 3 2 4
1860 494 661 233 4 4
1336 588 651 219 7 7 18 11 7 2 4
326 84 469 227 2 3 2 4
330 131 623 182 2 1 3 2 1 4
670 227 678 249 3 1 4
62 62 574 173 3 14 4
932 348 326 130 5 9 15 7 14 11 11 13 3 4
436 96 666 112 2 4
1712 455 531 245 2 2 1 3 2 1 4
1438 532 670 234 1 1 2 1 1 2 4
520 157 550 157 7 4
319 109 563 110 5 13 4
1467 463 638 172 1 5 19 8 7 4
1336 490 472 123 2 2 3 3 2 4
682 167 705 190 3 2 3 2 2 4
529 61 582 89 31 8 19 4 4
1526 501 597 163 1 2 2 1 1 4
221 236 578 236 7 14 4 2 4
1087 424 518 196 1 3 3 4
1709 442 589 160 3 3 3 3 4
204 192 493 197 1 2 2 2 1 4
1457 489 390 243 3 1 3 1 3 2 1 4
12 144 456 145 19 8 16 1 4 4
1361 471 651 140 8 7 1 18 19 21 4
1408 639 657 229 2 2 1 2 2 1 3 4
369 201 593 211 1 2 1 4
1622 492 547 175 21 13 9 26 13 4
493 225 517 249 1 2 2 1 3 3 1 4
1060 497 217 209 2 2 1 2 3 1 4
1678 324 478 139 2 2 4
979 349 232 120 1 2 1 3 1 2 2 4
1098 388 636 195 1 19 10 3 4
1602 676 607 248 3 3 3 2 1 3 3 4
85 100 484 233 10 7 9 6 19 1 4
572 77 642 212 3 2 4
40 190 88 210 11 6 12 14 16 4
297 249 475 249 2 2 8 4
943 632 215 230 7 13 5 5 4
1413 627 506 170 5 20 10 23 11 4
542 169 607 215 15 8 12 18 10 1 21 23 5 4
203 163 661 235 1 2 3 4
1471 647 443 237 13 3 9 9 10 11 12 9 4
162 102 348 244 1 3 4
565 42 601 102 2 1 1 4
684 131 684 204 4 10 8 10 2 14 1 4
645 120 713 188 3 1 2 1 1 3 4
44 243 387 243 3 1 4
505 40 587 122 2 3 4
304 153 308 237 1 1 1 4
91 116 624 212 3 3 1 2 1 2 1 4
1338 361 346 207 8 1 7 4
587 199 668 234 6 9 4
225 182 575 225 13 5 13 9 4
1202 531 632 227 1 2 1 1 3 4
89 171 150 248 10 15 13 13 3 2 4
222 46 647 78 4 13 4
243 95 628 96 13 17 16 4
1351 515 584 243 2 1 1 4
175 15 244 84 1 2 4
489 222 534 245 2 4
227 224 550 241 2 1 3 4
395 6 453 64 2 3 3 3 2 2 2 4
1396 479 649 64 9 4 11 3 6 9 2 4
655 214 657 223 1 1 1 2 2 2 2 1 3 4
1288 590 634 217 1 1 2 2 3 2 2 4
174 91 542 112 2 1 2 2 1 3 2 4
429 35 570 103 2 2 2 2 4
232 183 469 193 31 4 29 27 24 4
1820 614 591 199 1 3 1 2 2 1 2 3 2 2 3 1 2 4
1569 437 540 97 13 16 19 2 5 10 4
1749 601 610 172 1 3 1 2 3 4
1550 471 576 219 11 4
3 197 519 242 11 14 4 2 14 16 12 5 7 4
284 225 299 240 2 3 4
291 134 301 144 3 1 4
1411 525 227 121 13 17 11 11 18 2 4
810 355 590 241 2 1 1 3 1 2 3 4
483 123 594 234 3 4
