1956 1612 770 658 4 2 6 11 13 8 5 4 3 6 4
198 481 224 507 3 3 2 1 1 3 3 4
255 648 559 659 1 3 4
1509 807 725 394 18 20 12 8 4
1599 1494 544 386 3 1 1 1 3 3 2 1 2 2 2 1 4
28 358 186 517 1 2 3 1 4
1390 1012 600 378 2 3 4
344 267 561 479 2 3 1 2 4
1836 1195 398 566 13 13 4
1478 1375 783 474 4 14 4
1316 827 609 86 1 1 3 1 3 2 3 4
1875 988 776 239 11 4
728 229 766 624 3 3 1 4
1460 992 672 374 28 21 11 27 8 10 23 4
764 434 795 635 1 3 1 1 1 2 1 1 1 4
399 564 607 649 1 14 10 26 4
148 618 168 638 2 2 4
1614 1800 397 658 2 2 3 2 2 3 4
155 562 455 594 7 11 1 17 11 4
504 459 769 479 30 4
1572 1301 301 278 3 2 3 3 3 3 3 1 3 1 2 4
1251 1580 248 635 2 2 3 1 2 4
452 171 561 385 1 1 1 3 4
1097 1426 522 658 4 4 4 2 3 12 7 4
1805 1416 727 550 20 1 5 4
48 463 69 484 1 1 1 3 3 3 3 4
591 544 623 576 1 2 3 3 1 2 4
912 1300 144 373 12 9 1 4
403 613 426 636 1 1 2 1 3 4
1580 849 581 195 9 11 4
1415 816 758 80 3 1 3 2 3 3 2 4
40 609 249 654 12 18 10 21 5 9 19 4
1180 1213 768 173 2 3 3 4
319 51 907 639 2 4
103 184 225 421 3 26 23 5 10 4
560 288 731 393 3 1 3 2 1 1 1 3 3 1 1 3 4
497 425 693 601 3 1 2 3 2 4
1265 1032 632 133 1 1 2 2 3 4
1134 1331 199 569 9 9 3 14 24 4
2072 1217 797 501 3 4
1955 1438 669 496 8 21 16 8 3 3 12 4
700 59 1114 473 2 3 4
491 47 765 436 2 2 3 3 4
1251 739 137 42 11 2 11 10 5 13 3 4
597 613 790 650 1 1 3 3 3 1 1 1 1 4
459 173 878 592 1 2 3 2 4
490 314 558 592 3 2 3 1 3 3 4
194 243 460 480 2 1 3 4
416 156 608 465 3 2 2 3 2 1 2 2 4
436 580 536 590 29 31 32 9 5 3 4
